camera_matrix:
- [3065.687930383476, 0.0, 1990.6885167298697]
- [0.0, 3074.0023552013936, 1530.801325975615]
- [0.0, 0.0, 1.0]
dist_coeff:
- [0.08054967226556134, -0.5288672465588432, -0.0019571780533270324, 0.0004045591190284594,
  0.8123228509509819]
