camera_matrix:
- [594.4334774737334, 0.0, 337.6364060049361]
- [0.0, 593.7218596974133, 245.377160690053]
- [0.0, 0.0, 1.0]
dist_coeff:
- [-0.09924649596052103, 1.253131297535759, 0.0006234141524110834, 0.007046600380593209,
  -4.442347302324815]
