camera_matrix:
- [1614.2176653582442, 0.0, 772.7215670999992]
- [0.0, 1613.770845131269, 426.68878627892667]
- [0.0, 0.0, 1.0]
dist_coeff:
- [0.6014213930261988, -4.862629668419712, -0.00024309648933493484, -0.005760644211121949,
  12.835257697226465]
